(kicad_pcb (version 20171130) (host pcbnew 5.1.9+dfsg1-1)

  (general
    (thickness 1.6)
    (drawings 8)
    (tracks 1384)
    (zones 0)
    (modules 67)
    (nets 41)
  )

  (page A4 portrait)
  (layers
    (0 F.Cu signal)
    (31 B.Cu signal)
    (32 B.Adhes user hide)
    (33 F.Adhes user hide)
    (34 B.Paste user hide)
    (35 F.Paste user hide)
    (36 B.SilkS user hide)
    (37 F.SilkS user hide)
    (38 B.Mask user)
    (39 F.Mask user)
    (40 Dwgs.User user)
    (41 Cmts.User user hide)
    (42 Eco1.User user hide)
    (43 Eco2.User user hide)
    (44 Edge.Cuts user)
    (45 Margin user hide)
    (46 B.CrtYd user hide)
    (47 F.CrtYd user hide)
    (48 B.Fab user hide)
    (49 F.Fab user hide)
  )

  (setup
    (last_trace_width 0.25)
    (trace_clearance 0.2)
    (zone_clearance 0.508)
    (zone_45_only no)
    (trace_min 0.2)
    (via_size 0.8)
    (via_drill 0.4)
    (via_min_size 0.4)
    (via_min_drill 0.3)
    (uvia_size 0.3)
    (uvia_drill 0.1)
    (uvias_allowed no)
    (uvia_min_size 0.2)
    (uvia_min_drill 0.1)
    (edge_width 0.05)
    (segment_width 0.2)
    (pcb_text_width 0.3)
    (pcb_text_size 1.5 1.5)
    (mod_edge_width 0.12)
    (mod_text_size 1 1)
    (mod_text_width 0.15)
    (pad_size 1.524 1.524)
    (pad_drill 0.762)
    (pad_to_mask_clearance 0)
    (aux_axis_origin 0 0)
    (visible_elements FFFFFF7F)
    (pcbplotparams
      (layerselection 0x010c0_ffffffff)
      (usegerberextensions false)
      (usegerberattributes true)
      (usegerberadvancedattributes true)
      (creategerberjobfile true)
      (excludeedgelayer true)
      (linewidth 0.100000)
      (plotframeref false)
      (viasonmask false)
      (mode 1)
      (useauxorigin false)
      (hpglpennumber 1)
      (hpglpenspeed 20)
      (hpglpendiameter 15.000000)
      (psnegative false)
      (psa4output false)
      (plotreference true)
      (plotvalue true)
      (plotinvisibletext false)
      (padsonsilk false)
      (subtractmaskfromsilk false)
      (outputformat 1)
      (mirror false)
      (drillshape 0)
      (scaleselection 1)
      (outputdirectory "fabric/"))
  )

  (net 0 "")
  (net 1 +BATT)
  (net 2 GND)
  (net 3 "Net-(C3-Pad2)")
  (net 4 "Net-(C5-Pad2)")
  (net 5 "Net-(C5-Pad1)")
  (net 6 AIn)
  (net 7 "Net-(C11-Pad2)")
  (net 8 "Net-(C13-Pad1)")
  (net 9 "Net-(C14-Pad2)")
  (net 10 "Net-(C18-Pad2)")
  (net 11 "Net-(C20-Pad2)")
  (net 12 "Net-(D1-Pad2)")
  (net 13 "Net-(D1-Pad1)")
  (net 14 "Net-(D2-Pad2)")
  (net 15 "Net-(D6-Pad26)")
  (net 16 "Net-(D6-Pad25)")
  (net 17 "Net-(D6-Pad24)")
  (net 18 "Net-(D6-Pad23)")
  (net 19 "Net-(D6-Pad20)")
  (net 20 "Net-(D6-Pad19)")
  (net 21 "Net-(R1-Pad1)")
  (net 22 "Net-(D7-Pad2)")
  (net 23 "Net-(D6-Pad21)")
  (net 24 "Net-(J11-Pad1)")
  (net 25 Buzer)
  (net 26 Vibro)
  (net 27 bl)
  (net 28 com)
  (net 29 "Net-(R7-Pad2)")
  (net 30 "Net-(R9-Pad1)")
  (net 31 "Net-(C6-Pad2)")
  (net 32 "Net-(J1-Pad1)")
  (net 33 "Net-(C4-Pad2)")
  (net 34 +3V3)
  (net 35 "Net-(D3-Pad5)")
  (net 36 Adjust)
  (net 37 DI)
  (net 38 SC)
  (net 39 CS)
  (net 40 "Net-(BZ1-Pad2)")

  (net_class Default "This is the default net class."
    (clearance 0.2)
    (trace_width 0.25)
    (via_dia 0.8)
    (via_drill 0.4)
    (uvia_dia 0.3)
    (uvia_drill 0.1)
    (add_net +3V3)
    (add_net +BATT)
    (add_net AIn)
    (add_net Adjust)
    (add_net Buzer)
    (add_net CS)
    (add_net DI)
    (add_net GND)
    (add_net "Net-(BZ1-Pad2)")
    (add_net "Net-(C11-Pad2)")
    (add_net "Net-(C13-Pad1)")
    (add_net "Net-(C14-Pad2)")
    (add_net "Net-(C18-Pad2)")
    (add_net "Net-(C20-Pad2)")
    (add_net "Net-(C3-Pad2)")
    (add_net "Net-(C4-Pad2)")
    (add_net "Net-(C5-Pad1)")
    (add_net "Net-(C5-Pad2)")
    (add_net "Net-(C6-Pad2)")
    (add_net "Net-(D1-Pad1)")
    (add_net "Net-(D1-Pad2)")
    (add_net "Net-(D2-Pad2)")
    (add_net "Net-(D3-Pad5)")
    (add_net "Net-(D3-Pad8)")
    (add_net "Net-(D6-Pad10)")
    (add_net "Net-(D6-Pad11)")
    (add_net "Net-(D6-Pad14)")
    (add_net "Net-(D6-Pad19)")
    (add_net "Net-(D6-Pad2)")
    (add_net "Net-(D6-Pad20)")
    (add_net "Net-(D6-Pad21)")
    (add_net "Net-(D6-Pad23)")
    (add_net "Net-(D6-Pad24)")
    (add_net "Net-(D6-Pad25)")
    (add_net "Net-(D6-Pad26)")
    (add_net "Net-(D6-Pad28)")
    (add_net "Net-(D6-Pad29)")
    (add_net "Net-(D6-Pad3)")
    (add_net "Net-(D6-Pad30)")
    (add_net "Net-(D6-Pad6)")
    (add_net "Net-(D6-Pad8)")
    (add_net "Net-(D7-Pad2)")
    (add_net "Net-(J1-Pad1)")
    (add_net "Net-(J1-Pad2)")
    (add_net "Net-(J1-Pad3)")
    (add_net "Net-(J1-Pad4)")
    (add_net "Net-(J11-Pad1)")
    (add_net "Net-(R1-Pad1)")
    (add_net "Net-(R7-Pad2)")
    (add_net "Net-(R9-Pad1)")
    (add_net SC)
    (add_net Vibro)
    (add_net bl)
    (add_net com)
  )

  (module My-library:BuzerSMD (layer B.Cu) (tedit 604F1C23) (tstamp 632212E3)
    (at 36.5 65.125 180)
    (path /6325DE2C)
    (fp_text reference BZ1 (at 0.5 -2.55) (layer B.SilkS)
      (effects (font (size 1 1) (thickness 0.15)) (justify mirror))
    )
    (fp_text value Buzzer (at -0.05 2.45) (layer B.Fab)
      (effects (font (size 1 1) (thickness 0.15)) (justify mirror))
    )
    (fp_line (start -2.25 1.5) (end 2.25 1.5) (layer B.SilkS) (width 0.15))
    (fp_line (start 2.25 1.5) (end 2.25 -1.5) (layer B.SilkS) (width 0.15))
    (fp_line (start 2.25 -1.5) (end -2.25 -1.5) (layer B.SilkS) (width 0.15))
    (fp_line (start -2.25 -1.5) (end -2.25 1.5) (layer B.SilkS) (width 0.15))
    (pad 2 smd rect (at -2.25 0 180) (size 1.524 2) (layers B.Cu B.Paste B.Mask)
      (net 40 "Net-(BZ1-Pad2)"))
    (pad 1 smd rect (at 2.25 0 180) (size 1.524 2) (layers B.Cu B.Paste B.Mask)
      (net 1 +BATT))
  )

  (module Resistor_SMD:R_0402_1005Metric (layer B.Cu) (tedit 5F68FEEE) (tstamp 60928ECC)
    (at 40.675 61.175 180)
    (descr "Resistor SMD 0402 (1005 Metric), square (rectangular) end terminal, IPC_7351 nominal, (Body size source: IPC-SM-782 page 72, https://www.pcb-3d.com/wordpress/wp-content/uploads/ipc-sm-782a_amendment_1_and_2.pdf), generated with kicad-footprint-generator")
    (tags resistor)
    (path /609706B7)
    (attr smd)
    (fp_text reference R10 (at 0 1.17) (layer B.SilkS)
      (effects (font (size 1 1) (thickness 0.15)) (justify mirror))
    )
    (fp_text value 442k (at 0 -1.17) (layer B.Fab)
      (effects (font (size 1 1) (thickness 0.15)) (justify mirror))
    )
    (fp_line (start 0.93 -0.47) (end -0.93 -0.47) (layer B.CrtYd) (width 0.05))
    (fp_line (start 0.93 0.47) (end 0.93 -0.47) (layer B.CrtYd) (width 0.05))
    (fp_line (start -0.93 0.47) (end 0.93 0.47) (layer B.CrtYd) (width 0.05))
    (fp_line (start -0.93 -0.47) (end -0.93 0.47) (layer B.CrtYd) (width 0.05))
    (fp_line (start -0.153641 -0.38) (end 0.153641 -0.38) (layer B.SilkS) (width 0.12))
    (fp_line (start -0.153641 0.38) (end 0.153641 0.38) (layer B.SilkS) (width 0.12))
    (fp_line (start 0.525 -0.27) (end -0.525 -0.27) (layer B.Fab) (width 0.1))
    (fp_line (start 0.525 0.27) (end 0.525 -0.27) (layer B.Fab) (width 0.1))
    (fp_line (start -0.525 0.27) (end 0.525 0.27) (layer B.Fab) (width 0.1))
    (fp_line (start -0.525 -0.27) (end -0.525 0.27) (layer B.Fab) (width 0.1))
    (fp_text user %R (at 0 0) (layer B.Fab)
      (effects (font (size 0.26 0.26) (thickness 0.04)) (justify mirror))
    )
    (pad 2 smd roundrect (at 0.51 0 180) (size 0.54 0.64) (layers B.Cu B.Paste B.Mask) (roundrect_rratio 0.25)
      (net 2 GND))
    (pad 1 smd roundrect (at -0.51 0 180) (size 0.54 0.64) (layers B.Cu B.Paste B.Mask) (roundrect_rratio 0.25)
      (net 36 Adjust))
    (model ${KISYS3DMOD}/Resistor_SMD.3dshapes/R_0402_1005Metric.wrl
      (at (xyz 0 0 0))
      (scale (xyz 1 1 1))
      (rotate (xyz 0 0 0))
    )
  )

  (module Resistor_SMD:R_0402_1005Metric (layer B.Cu) (tedit 5F68FEEE) (tstamp 603655EF)
    (at 42.675 61.175 180)
    (descr "Resistor SMD 0402 (1005 Metric), square (rectangular) end terminal, IPC_7351 nominal, (Body size source: IPC-SM-782 page 72, https://www.pcb-3d.com/wordpress/wp-content/uploads/ipc-sm-782a_amendment_1_and_2.pdf), generated with kicad-footprint-generator")
    (tags resistor)
    (path /60363E96)
    (attr smd)
    (fp_text reference R3 (at 0 1.17) (layer B.SilkS)
      (effects (font (size 1 1) (thickness 0.15)) (justify mirror))
    )
    (fp_text value 4.7k (at 0 -1.17) (layer B.Fab)
      (effects (font (size 1 1) (thickness 0.15)) (justify mirror))
    )
    (fp_line (start 0.93 -0.47) (end -0.93 -0.47) (layer B.CrtYd) (width 0.05))
    (fp_line (start 0.93 0.47) (end 0.93 -0.47) (layer B.CrtYd) (width 0.05))
    (fp_line (start -0.93 0.47) (end 0.93 0.47) (layer B.CrtYd) (width 0.05))
    (fp_line (start -0.93 -0.47) (end -0.93 0.47) (layer B.CrtYd) (width 0.05))
    (fp_line (start -0.153641 -0.38) (end 0.153641 -0.38) (layer B.SilkS) (width 0.12))
    (fp_line (start -0.153641 0.38) (end 0.153641 0.38) (layer B.SilkS) (width 0.12))
    (fp_line (start 0.525 -0.27) (end -0.525 -0.27) (layer B.Fab) (width 0.1))
    (fp_line (start 0.525 0.27) (end 0.525 -0.27) (layer B.Fab) (width 0.1))
    (fp_line (start -0.525 0.27) (end 0.525 0.27) (layer B.Fab) (width 0.1))
    (fp_line (start -0.525 -0.27) (end -0.525 0.27) (layer B.Fab) (width 0.1))
    (fp_text user %R (at 0 0) (layer B.Fab)
      (effects (font (size 0.26 0.26) (thickness 0.04)) (justify mirror))
    )
    (pad 2 smd roundrect (at 0.51 0 180) (size 0.54 0.64) (layers B.Cu B.Paste B.Mask) (roundrect_rratio 0.25)
      (net 36 Adjust))
    (pad 1 smd roundrect (at -0.51 0 180) (size 0.54 0.64) (layers B.Cu B.Paste B.Mask) (roundrect_rratio 0.25)
      (net 4 "Net-(C5-Pad2)"))
    (model ${KISYS3DMOD}/Resistor_SMD.3dshapes/R_0402_1005Metric.wrl
      (at (xyz 0 0 0))
      (scale (xyz 1 1 1))
      (rotate (xyz 0 0 0))
    )
  )

  (module Resistor_SMD:R_0402_1005Metric (layer B.Cu) (tedit 5F68FEEE) (tstamp 60B3ABA7)
    (at 42.675 62.25 180)
    (descr "Resistor SMD 0402 (1005 Metric), square (rectangular) end terminal, IPC_7351 nominal, (Body size source: IPC-SM-782 page 72, https://www.pcb-3d.com/wordpress/wp-content/uploads/ipc-sm-782a_amendment_1_and_2.pdf), generated with kicad-footprint-generator")
    (tags resistor)
    (path /60B5AD62)
    (attr smd)
    (fp_text reference R17 (at 0 1.17) (layer B.SilkS)
      (effects (font (size 1 1) (thickness 0.15)) (justify mirror))
    )
    (fp_text value 10M (at 0 -1.17) (layer B.Fab)
      (effects (font (size 1 1) (thickness 0.15)) (justify mirror))
    )
    (fp_line (start 0.93 -0.47) (end -0.93 -0.47) (layer B.CrtYd) (width 0.05))
    (fp_line (start 0.93 0.47) (end 0.93 -0.47) (layer B.CrtYd) (width 0.05))
    (fp_line (start -0.93 0.47) (end 0.93 0.47) (layer B.CrtYd) (width 0.05))
    (fp_line (start -0.93 -0.47) (end -0.93 0.47) (layer B.CrtYd) (width 0.05))
    (fp_line (start -0.153641 -0.38) (end 0.153641 -0.38) (layer B.SilkS) (width 0.12))
    (fp_line (start -0.153641 0.38) (end 0.153641 0.38) (layer B.SilkS) (width 0.12))
    (fp_line (start 0.525 -0.27) (end -0.525 -0.27) (layer B.Fab) (width 0.1))
    (fp_line (start 0.525 0.27) (end 0.525 -0.27) (layer B.Fab) (width 0.1))
    (fp_line (start -0.525 0.27) (end 0.525 0.27) (layer B.Fab) (width 0.1))
    (fp_line (start -0.525 -0.27) (end -0.525 0.27) (layer B.Fab) (width 0.1))
    (fp_text user %R (at 0 0) (layer B.Fab)
      (effects (font (size 0.26 0.26) (thickness 0.04)) (justify mirror))
    )
    (pad 2 smd roundrect (at 0.51 0 180) (size 0.54 0.64) (layers B.Cu B.Paste B.Mask) (roundrect_rratio 0.25)
      (net 36 Adjust))
    (pad 1 smd roundrect (at -0.51 0 180) (size 0.54 0.64) (layers B.Cu B.Paste B.Mask) (roundrect_rratio 0.25)
      (net 35 "Net-(D3-Pad5)"))
    (model ${KISYS3DMOD}/Resistor_SMD.3dshapes/R_0402_1005Metric.wrl
      (at (xyz 0 0 0))
      (scale (xyz 1 1 1))
      (rotate (xyz 0 0 0))
    )
  )

  (module Capacitor_SMD:C_0603_1608Metric (layer F.Cu) (tedit 5F68FEEE) (tstamp 60365D96)
    (at 42.41546 56.05 90)
    (descr "Capacitor SMD 0603 (1608 Metric), square (rectangular) end terminal, IPC_7351 nominal, (Body size source: IPC-SM-782 page 76, https://www.pcb-3d.com/wordpress/wp-content/uploads/ipc-sm-782a_amendment_1_and_2.pdf), generated with kicad-footprint-generator")
    (tags capacitor)
    (path /6039B0E7)
    (attr smd)
    (fp_text reference C17 (at 0 -1.43 90) (layer F.SilkS)
      (effects (font (size 1 1) (thickness 0.15)))
    )
    (fp_text value GRM21BR60J226M (at 0 1.43 90) (layer F.Fab)
      (effects (font (size 1 1) (thickness 0.15)))
    )
    (fp_line (start 1.48 0.73) (end -1.48 0.73) (layer F.CrtYd) (width 0.05))
    (fp_line (start 1.48 -0.73) (end 1.48 0.73) (layer F.CrtYd) (width 0.05))
    (fp_line (start -1.48 -0.73) (end 1.48 -0.73) (layer F.CrtYd) (width 0.05))
    (fp_line (start -1.48 0.73) (end -1.48 -0.73) (layer F.CrtYd) (width 0.05))
    (fp_line (start -0.14058 0.51) (end 0.14058 0.51) (layer F.SilkS) (width 0.12))
    (fp_line (start -0.14058 -0.51) (end 0.14058 -0.51) (layer F.SilkS) (width 0.12))
    (fp_line (start 0.8 0.4) (end -0.8 0.4) (layer F.Fab) (width 0.1))
    (fp_line (start 0.8 -0.4) (end 0.8 0.4) (layer F.Fab) (width 0.1))
    (fp_line (start -0.8 -0.4) (end 0.8 -0.4) (layer F.Fab) (width 0.1))
    (fp_line (start -0.8 0.4) (end -0.8 -0.4) (layer F.Fab) (width 0.1))
    (fp_text user %R (at 0 0 90) (layer F.Fab)
      (effects (font (size 0.4 0.4) (thickness 0.06)))
    )
    (pad 2 smd roundrect (at 0.775 0 90) (size 0.9 0.95) (layers F.Cu F.Paste F.Mask) (roundrect_rratio 0.25)
      (net 2 GND))
    (pad 1 smd roundrect (at -0.775 0 90) (size 0.9 0.95) (layers F.Cu F.Paste F.Mask) (roundrect_rratio 0.25)
      (net 34 +3V3))
    (model ${KISYS3DMOD}/Capacitor_SMD.3dshapes/C_0603_1608Metric.wrl
      (at (xyz 0 0 0))
      (scale (xyz 1 1 1))
      (rotate (xyz 0 0 0))
    )
  )

  (module Capacitor_SMD:C_0603_1608Metric (layer B.Cu) (tedit 5F68FEEE) (tstamp 60365473)
    (at 54.275 63.975 90)
    (descr "Capacitor SMD 0603 (1608 Metric), square (rectangular) end terminal, IPC_7351 nominal, (Body size source: IPC-SM-782 page 76, https://www.pcb-3d.com/wordpress/wp-content/uploads/ipc-sm-782a_amendment_1_and_2.pdf), generated with kicad-footprint-generator")
    (tags capacitor)
    (path /60487A06)
    (attr smd)
    (fp_text reference C19 (at 0 1.43 90) (layer B.SilkS)
      (effects (font (size 1 1) (thickness 0.15)) (justify mirror))
    )
    (fp_text value GRM21BR60J226M (at 0 -1.43 90) (layer B.Fab)
      (effects (font (size 1 1) (thickness 0.15)) (justify mirror))
    )
    (fp_line (start 1.48 -0.73) (end -1.48 -0.73) (layer B.CrtYd) (width 0.05))
    (fp_line (start 1.48 0.73) (end 1.48 -0.73) (layer B.CrtYd) (width 0.05))
    (fp_line (start -1.48 0.73) (end 1.48 0.73) (layer B.CrtYd) (width 0.05))
    (fp_line (start -1.48 -0.73) (end -1.48 0.73) (layer B.CrtYd) (width 0.05))
    (fp_line (start -0.14058 -0.51) (end 0.14058 -0.51) (layer B.SilkS) (width 0.12))
    (fp_line (start -0.14058 0.51) (end 0.14058 0.51) (layer B.SilkS) (width 0.12))
    (fp_line (start 0.8 -0.4) (end -0.8 -0.4) (layer B.Fab) (width 0.1))
    (fp_line (start 0.8 0.4) (end 0.8 -0.4) (layer B.Fab) (width 0.1))
    (fp_line (start -0.8 0.4) (end 0.8 0.4) (layer B.Fab) (width 0.1))
    (fp_line (start -0.8 -0.4) (end -0.8 0.4) (layer B.Fab) (width 0.1))
    (fp_text user %R (at 0 0 90) (layer B.Fab)
      (effects (font (size 0.4 0.4) (thickness 0.06)) (justify mirror))
    )
    (pad 2 smd roundrect (at 0.775 0 90) (size 0.9 0.95) (layers B.Cu B.Paste B.Mask) (roundrect_rratio 0.25)
      (net 2 GND))
    (pad 1 smd roundrect (at -0.775 0 90) (size 0.9 0.95) (layers B.Cu B.Paste B.Mask) (roundrect_rratio 0.25)
      (net 34 +3V3))
    (model ${KISYS3DMOD}/Capacitor_SMD.3dshapes/C_0603_1608Metric.wrl
      (at (xyz 0 0 0))
      (scale (xyz 1 1 1))
      (rotate (xyz 0 0 0))
    )
  )

  (module Capacitor_SMD:C_0603_1608Metric (layer B.Cu) (tedit 5F68FEEE) (tstamp 60365363)
    (at 37.525 61.425 180)
    (descr "Capacitor SMD 0603 (1608 Metric), square (rectangular) end terminal, IPC_7351 nominal, (Body size source: IPC-SM-782 page 76, https://www.pcb-3d.com/wordpress/wp-content/uploads/ipc-sm-782a_amendment_1_and_2.pdf), generated with kicad-footprint-generator")
    (tags capacitor)
    (path /604360AF)
    (attr smd)
    (fp_text reference C3 (at 0 1.43) (layer B.SilkS)
      (effects (font (size 1 1) (thickness 0.15)) (justify mirror))
    )
    (fp_text value GRM21BR60J226M (at 0 -1.43) (layer B.Fab)
      (effects (font (size 1 1) (thickness 0.15)) (justify mirror))
    )
    (fp_line (start 1.48 -0.73) (end -1.48 -0.73) (layer B.CrtYd) (width 0.05))
    (fp_line (start 1.48 0.73) (end 1.48 -0.73) (layer B.CrtYd) (width 0.05))
    (fp_line (start -1.48 0.73) (end 1.48 0.73) (layer B.CrtYd) (width 0.05))
    (fp_line (start -1.48 -0.73) (end -1.48 0.73) (layer B.CrtYd) (width 0.05))
    (fp_line (start -0.14058 -0.51) (end 0.14058 -0.51) (layer B.SilkS) (width 0.12))
    (fp_line (start -0.14058 0.51) (end 0.14058 0.51) (layer B.SilkS) (width 0.12))
    (fp_line (start 0.8 -0.4) (end -0.8 -0.4) (layer B.Fab) (width 0.1))
    (fp_line (start 0.8 0.4) (end 0.8 -0.4) (layer B.Fab) (width 0.1))
    (fp_line (start -0.8 0.4) (end 0.8 0.4) (layer B.Fab) (width 0.1))
    (fp_line (start -0.8 -0.4) (end -0.8 0.4) (layer B.Fab) (width 0.1))
    (fp_text user %R (at 0 0) (layer B.Fab)
      (effects (font (size 0.4 0.4) (thickness 0.06)) (justify mirror))
    )
    (pad 2 smd roundrect (at 0.775 0 180) (size 0.9 0.95) (layers B.Cu B.Paste B.Mask) (roundrect_rratio 0.25)
      (net 3 "Net-(C3-Pad2)"))
    (pad 1 smd roundrect (at -0.775 0 180) (size 0.9 0.95) (layers B.Cu B.Paste B.Mask) (roundrect_rratio 0.25)
      (net 2 GND))
    (model ${KISYS3DMOD}/Capacitor_SMD.3dshapes/C_0603_1608Metric.wrl
      (at (xyz 0 0 0))
      (scale (xyz 1 1 1))
      (rotate (xyz 0 0 0))
    )
  )

  (module Capacitor_SMD:C_0603_1608Metric (layer B.Cu) (tedit 5F68FEEE) (tstamp 60365341)
    (at 34.55 57.35 90)
    (descr "Capacitor SMD 0603 (1608 Metric), square (rectangular) end terminal, IPC_7351 nominal, (Body size source: IPC-SM-782 page 76, https://www.pcb-3d.com/wordpress/wp-content/uploads/ipc-sm-782a_amendment_1_and_2.pdf), generated with kicad-footprint-generator")
    (tags capacitor)
    (path /60437474)
    (attr smd)
    (fp_text reference C1 (at 0 1.43 90) (layer B.SilkS)
      (effects (font (size 1 1) (thickness 0.15)) (justify mirror))
    )
    (fp_text value GRM21BR60J226M (at 0 -1.43 90) (layer B.Fab)
      (effects (font (size 1 1) (thickness 0.15)) (justify mirror))
    )
    (fp_line (start 1.48 -0.73) (end -1.48 -0.73) (layer B.CrtYd) (width 0.05))
    (fp_line (start 1.48 0.73) (end 1.48 -0.73) (layer B.CrtYd) (width 0.05))
    (fp_line (start -1.48 0.73) (end 1.48 0.73) (layer B.CrtYd) (width 0.05))
    (fp_line (start -1.48 -0.73) (end -1.48 0.73) (layer B.CrtYd) (width 0.05))
    (fp_line (start -0.14058 -0.51) (end 0.14058 -0.51) (layer B.SilkS) (width 0.12))
    (fp_line (start -0.14058 0.51) (end 0.14058 0.51) (layer B.SilkS) (width 0.12))
    (fp_line (start 0.8 -0.4) (end -0.8 -0.4) (layer B.Fab) (width 0.1))
    (fp_line (start 0.8 0.4) (end 0.8 -0.4) (layer B.Fab) (width 0.1))
    (fp_line (start -0.8 0.4) (end 0.8 0.4) (layer B.Fab) (width 0.1))
    (fp_line (start -0.8 -0.4) (end -0.8 0.4) (layer B.Fab) (width 0.1))
    (fp_text user %R (at 0 0 90) (layer B.Fab)
      (effects (font (size 0.4 0.4) (thickness 0.06)) (justify mirror))
    )
    (pad 2 smd roundrect (at 0.775 0 90) (size 0.9 0.95) (layers B.Cu B.Paste B.Mask) (roundrect_rratio 0.25)
      (net 1 +BATT))
    (pad 1 smd roundrect (at -0.775 0 90) (size 0.9 0.95) (layers B.Cu B.Paste B.Mask) (roundrect_rratio 0.25)
      (net 2 GND))
    (model ${KISYS3DMOD}/Capacitor_SMD.3dshapes/C_0603_1608Metric.wrl
      (at (xyz 0 0 0))
      (scale (xyz 1 1 1))
      (rotate (xyz 0 0 0))
    )
  )

  (module Capacitor_SMD:C_0603_1608Metric (layer B.Cu) (tedit 5F68FEEE) (tstamp 6036540D)
    (at 34.575 60.825 90)
    (descr "Capacitor SMD 0603 (1608 Metric), square (rectangular) end terminal, IPC_7351 nominal, (Body size source: IPC-SM-782 page 76, https://www.pcb-3d.com/wordpress/wp-content/uploads/ipc-sm-782a_amendment_1_and_2.pdf), generated with kicad-footprint-generator")
    (tags capacitor)
    (path /603BFF56)
    (attr smd)
    (fp_text reference C13 (at 0 1.43 90) (layer B.SilkS)
      (effects (font (size 1 1) (thickness 0.15)) (justify mirror))
    )
    (fp_text value GRM21BR60J226M (at 0 -1.43 90) (layer B.Fab)
      (effects (font (size 1 1) (thickness 0.15)) (justify mirror))
    )
    (fp_line (start 1.48 -0.73) (end -1.48 -0.73) (layer B.CrtYd) (width 0.05))
    (fp_line (start 1.48 0.73) (end 1.48 -0.73) (layer B.CrtYd) (width 0.05))
    (fp_line (start -1.48 0.73) (end 1.48 0.73) (layer B.CrtYd) (width 0.05))
    (fp_line (start -1.48 -0.73) (end -1.48 0.73) (layer B.CrtYd) (width 0.05))
    (fp_line (start -0.14058 -0.51) (end 0.14058 -0.51) (layer B.SilkS) (width 0.12))
    (fp_line (start -0.14058 0.51) (end 0.14058 0.51) (layer B.SilkS) (width 0.12))
    (fp_line (start 0.8 -0.4) (end -0.8 -0.4) (layer B.Fab) (width 0.1))
    (fp_line (start 0.8 0.4) (end 0.8 -0.4) (layer B.Fab) (width 0.1))
    (fp_line (start -0.8 0.4) (end 0.8 0.4) (layer B.Fab) (width 0.1))
    (fp_line (start -0.8 -0.4) (end -0.8 0.4) (layer B.Fab) (width 0.1))
    (fp_text user %R (at 0 0 90) (layer B.Fab)
      (effects (font (size 0.4 0.4) (thickness 0.06)) (justify mirror))
    )
    (pad 2 smd roundrect (at 0.775 0 90) (size 0.9 0.95) (layers B.Cu B.Paste B.Mask) (roundrect_rratio 0.25)
      (net 2 GND))
    (pad 1 smd roundrect (at -0.775 0 90) (size 0.9 0.95) (layers B.Cu B.Paste B.Mask) (roundrect_rratio 0.25)
      (net 8 "Net-(C13-Pad1)"))
    (model ${KISYS3DMOD}/Capacitor_SMD.3dshapes/C_0603_1608Metric.wrl
      (at (xyz 0 0 0))
      (scale (xyz 1 1 1))
      (rotate (xyz 0 0 0))
    )
  )

  (module Capacitor_SMD:C_0603_1608Metric (layer B.Cu) (tedit 5F68FEEE) (tstamp 60365352)
    (at 54.15 59.775 270)
    (descr "Capacitor SMD 0603 (1608 Metric), square (rectangular) end terminal, IPC_7351 nominal, (Body size source: IPC-SM-782 page 76, https://www.pcb-3d.com/wordpress/wp-content/uploads/ipc-sm-782a_amendment_1_and_2.pdf), generated with kicad-footprint-generator")
    (tags capacitor)
    (path /603A63DB)
    (attr smd)
    (fp_text reference C2 (at 0 1.43 90) (layer B.SilkS)
      (effects (font (size 1 1) (thickness 0.15)) (justify mirror))
    )
    (fp_text value GRM21BR60J226M (at 0 -1.43 90) (layer B.Fab)
      (effects (font (size 1 1) (thickness 0.15)) (justify mirror))
    )
    (fp_line (start 1.48 -0.73) (end -1.48 -0.73) (layer B.CrtYd) (width 0.05))
    (fp_line (start 1.48 0.73) (end 1.48 -0.73) (layer B.CrtYd) (width 0.05))
    (fp_line (start -1.48 0.73) (end 1.48 0.73) (layer B.CrtYd) (width 0.05))
    (fp_line (start -1.48 -0.73) (end -1.48 0.73) (layer B.CrtYd) (width 0.05))
    (fp_line (start -0.14058 -0.51) (end 0.14058 -0.51) (layer B.SilkS) (width 0.12))
    (fp_line (start -0.14058 0.51) (end 0.14058 0.51) (layer B.SilkS) (width 0.12))
    (fp_line (start 0.8 -0.4) (end -0.8 -0.4) (layer B.Fab) (width 0.1))
    (fp_line (start 0.8 0.4) (end 0.8 -0.4) (layer B.Fab) (width 0.1))
    (fp_line (start -0.8 0.4) (end 0.8 0.4) (layer B.Fab) (width 0.1))
    (fp_line (start -0.8 -0.4) (end -0.8 0.4) (layer B.Fab) (width 0.1))
    (fp_text user %R (at 0 0 90) (layer B.Fab)
      (effects (font (size 0.4 0.4) (thickness 0.06)) (justify mirror))
    )
    (pad 2 smd roundrect (at 0.775 0 270) (size 0.9 0.95) (layers B.Cu B.Paste B.Mask) (roundrect_rratio 0.25)
      (net 2 GND))
    (pad 1 smd roundrect (at -0.775 0 270) (size 0.9 0.95) (layers B.Cu B.Paste B.Mask) (roundrect_rratio 0.25)
      (net 34 +3V3))
    (model ${KISYS3DMOD}/Capacitor_SMD.3dshapes/C_0603_1608Metric.wrl
      (at (xyz 0 0 0))
      (scale (xyz 1 1 1))
      (rotate (xyz 0 0 0))
    )
  )

  (module Capacitor_SMD:C_0603_1608Metric (layer B.Cu) (tedit 5F68FEEE) (tstamp 6036542F)
    (at 57.325 57.4 180)
    (descr "Capacitor SMD 0603 (1608 Metric), square (rectangular) end terminal, IPC_7351 nominal, (Body size source: IPC-SM-782 page 76, https://www.pcb-3d.com/wordpress/wp-content/uploads/ipc-sm-782a_amendment_1_and_2.pdf), generated with kicad-footprint-generator")
    (tags capacitor)
    (path /604A052D)
    (attr smd)
    (fp_text reference C15 (at 0 1.43) (layer B.SilkS)
      (effects (font (size 1 1) (thickness 0.15)) (justify mirror))
    )
    (fp_text value GRM21BR60J226M (at 0 -1.43) (layer B.Fab)
      (effects (font (size 1 1) (thickness 0.15)) (justify mirror))
    )
    (fp_line (start 1.48 -0.73) (end -1.48 -0.73) (layer B.CrtYd) (width 0.05))
    (fp_line (start 1.48 0.73) (end 1.48 -0.73) (layer B.CrtYd) (width 0.05))
    (fp_line (start -1.48 0.73) (end 1.48 0.73) (layer B.CrtYd) (width 0.05))
    (fp_line (start -1.48 -0.73) (end -1.48 0.73) (layer B.CrtYd) (width 0.05))
    (fp_line (start -0.14058 -0.51) (end 0.14058 -0.51) (layer B.SilkS) (width 0.12))
    (fp_line (start -0.14058 0.51) (end 0.14058 0.51) (layer B.SilkS) (width 0.12))
    (fp_line (start 0.8 -0.4) (end -0.8 -0.4) (layer B.Fab) (width 0.1))
    (fp_line (start 0.8 0.4) (end 0.8 -0.4) (layer B.Fab) (width 0.1))
    (fp_line (start -0.8 0.4) (end 0.8 0.4) (layer B.Fab) (width 0.1))
    (fp_line (start -0.8 -0.4) (end -0.8 0.4) (layer B.Fab) (width 0.1))
    (fp_text user %R (at 0 0) (layer B.Fab)
      (effects (font (size 0.4 0.4) (thickness 0.06)) (justify mirror))
    )
    (pad 2 smd roundrect (at 0.775 0 180) (size 0.9 0.95) (layers B.Cu B.Paste B.Mask) (roundrect_rratio 0.25)
      (net 2 GND))
    (pad 1 smd roundrect (at -0.775 0 180) (size 0.9 0.95) (layers B.Cu B.Paste B.Mask) (roundrect_rratio 0.25)
      (net 1 +BATT))
    (model ${KISYS3DMOD}/Capacitor_SMD.3dshapes/C_0603_1608Metric.wrl
      (at (xyz 0 0 0))
      (scale (xyz 1 1 1))
      (rotate (xyz 0 0 0))
    )
  )

  (module Capacitor_SMD:C_0603_1608Metric (layer F.Cu) (tedit 5F68FEEE) (tstamp 60365E4B)
    (at 50.9 65.525 270)
    (descr "Capacitor SMD 0603 (1608 Metric), square (rectangular) end terminal, IPC_7351 nominal, (Body size source: IPC-SM-782 page 76, https://www.pcb-3d.com/wordpress/wp-content/uploads/ipc-sm-782a_amendment_1_and_2.pdf), generated with kicad-footprint-generator")
    (tags capacitor)
    (path /603AB7C1)
    (attr smd)
    (fp_text reference C16 (at 0 -1.43 90) (layer F.SilkS)
      (effects (font (size 1 1) (thickness 0.15)))
    )
    (fp_text value GRM21BR60J226M (at 0 1.43 90) (layer F.Fab)
      (effects (font (size 1 1) (thickness 0.15)))
    )
    (fp_line (start 1.48 0.73) (end -1.48 0.73) (layer F.CrtYd) (width 0.05))
    (fp_line (start 1.48 -0.73) (end 1.48 0.73) (layer F.CrtYd) (width 0.05))
    (fp_line (start -1.48 -0.73) (end 1.48 -0.73) (layer F.CrtYd) (width 0.05))
    (fp_line (start -1.48 0.73) (end -1.48 -0.73) (layer F.CrtYd) (width 0.05))
    (fp_line (start -0.14058 0.51) (end 0.14058 0.51) (layer F.SilkS) (width 0.12))
    (fp_line (start -0.14058 -0.51) (end 0.14058 -0.51) (layer F.SilkS) (width 0.12))
    (fp_line (start 0.8 0.4) (end -0.8 0.4) (layer F.Fab) (width 0.1))
    (fp_line (start 0.8 -0.4) (end 0.8 0.4) (layer F.Fab) (width 0.1))
    (fp_line (start -0.8 -0.4) (end 0.8 -0.4) (layer F.Fab) (width 0.1))
    (fp_line (start -0.8 0.4) (end -0.8 -0.4) (layer F.Fab) (width 0.1))
    (fp_text user %R (at 0 0 90) (layer F.Fab)
      (effects (font (size 0.4 0.4) (thickness 0.06)))
    )
    (pad 2 smd roundrect (at 0.775 0 270) (size 0.9 0.95) (layers F.Cu F.Paste F.Mask) (roundrect_rratio 0.25)
      (net 2 GND))
    (pad 1 smd roundrect (at -0.775 0 270) (size 0.9 0.95) (layers F.Cu F.Paste F.Mask) (roundrect_rratio 0.25)
      (net 34 +3V3))
    (model ${KISYS3DMOD}/Capacitor_SMD.3dshapes/C_0603_1608Metric.wrl
      (at (xyz 0 0 0))
      (scale (xyz 1 1 1))
      (rotate (xyz 0 0 0))
    )
  )

  (module Capacitor_SMD:C_0603_1608Metric (layer F.Cu) (tedit 5F68FEEE) (tstamp 607DC6AD)
    (at 33.15716 55.15864 270)
    (descr "Capacitor SMD 0603 (1608 Metric), square (rectangular) end terminal, IPC_7351 nominal, (Body size source: IPC-SM-782 page 76, https://www.pcb-3d.com/wordpress/wp-content/uploads/ipc-sm-782a_amendment_1_and_2.pdf), generated with kicad-footprint-generator")
    (tags capacitor)
    (path /6083E8FB)
    (attr smd)
    (fp_text reference C4 (at 0 -1.43 90) (layer F.SilkS)
      (effects (font (size 1 1) (thickness 0.15)))
    )
    (fp_text value GRM21BR60J226M (at 0 1.43 90) (layer F.Fab)
      (effects (font (size 1 1) (thickness 0.15)))
    )
    (fp_line (start 1.48 0.73) (end -1.48 0.73) (layer F.CrtYd) (width 0.05))
    (fp_line (start 1.48 -0.73) (end 1.48 0.73) (layer F.CrtYd) (width 0.05))
    (fp_line (start -1.48 -0.73) (end 1.48 -0.73) (layer F.CrtYd) (width 0.05))
    (fp_line (start -1.48 0.73) (end -1.48 -0.73) (layer F.CrtYd) (width 0.05))
    (fp_line (start -0.14058 0.51) (end 0.14058 0.51) (layer F.SilkS) (width 0.12))
    (fp_line (start -0.14058 -0.51) (end 0.14058 -0.51) (layer F.SilkS) (width 0.12))
    (fp_line (start 0.8 0.4) (end -0.8 0.4) (layer F.Fab) (width 0.1))
    (fp_line (start 0.8 -0.4) (end 0.8 0.4) (layer F.Fab) (width 0.1))
    (fp_line (start -0.8 -0.4) (end 0.8 -0.4) (layer F.Fab) (width 0.1))
    (fp_line (start -0.8 0.4) (end -0.8 -0.4) (layer F.Fab) (width 0.1))
    (fp_text user %R (at 0 0 90) (layer F.Fab)
      (effects (font (size 0.4 0.4) (thickness 0.06)))
    )
    (pad 2 smd roundrect (at 0.775 0 270) (size 0.9 0.95) (layers F.Cu F.Paste F.Mask) (roundrect_rratio 0.25)
      (net 33 "Net-(C4-Pad2)"))
    (pad 1 smd roundrect (at -0.775 0 270) (size 0.9 0.95) (layers F.Cu F.Paste F.Mask) (roundrect_rratio 0.25)
      (net 2 GND))
    (model ${KISYS3DMOD}/Capacitor_SMD.3dshapes/C_0603_1608Metric.wrl
      (at (xyz 0 0 0))
      (scale (xyz 1 1 1))
      (rotate (xyz 0 0 0))
    )
  )

  (module LED_SMD:LED_0603_1608Metric (layer F.Cu) (tedit 5F68FEF1) (tstamp 603861F2)
    (at 44.7421 54.80558)
    (descr "LED SMD 0603 (1608 Metric), square (rectangular) end terminal, IPC_7351 nominal, (Body size source: http://www.tortai-tech.com/upload/download/2011102023233369053.pdf), generated with kicad-footprint-generator")
    (tags LED)
    (path /60732999)
    (attr smd)
    (fp_text reference D7 (at 0 -1.43) (layer F.SilkS)
      (effects (font (size 1 1) (thickness 0.15)))
    )
    (fp_text value LED (at 0 1.43) (layer F.Fab)
      (effects (font (size 1 1) (thickness 0.15)))
    )
    (fp_line (start 1.48 0.73) (end -1.48 0.73) (layer F.CrtYd) (width 0.05))
    (fp_line (start 1.48 -0.73) (end 1.48 0.73) (layer F.CrtYd) (width 0.05))
    (fp_line (start -1.48 -0.73) (end 1.48 -0.73) (layer F.CrtYd) (width 0.05))
    (fp_line (start -1.48 0.73) (end -1.48 -0.73) (layer F.CrtYd) (width 0.05))
    (fp_line (start -1.485 0.735) (end 0.8 0.735) (layer F.SilkS) (width 0.12))
    (fp_line (start -1.485 -0.735) (end -1.485 0.735) (layer F.SilkS) (width 0.12))
    (fp_line (start 0.8 -0.735) (end -1.485 -0.735) (layer F.SilkS) (width 0.12))
    (fp_line (start 0.8 0.4) (end 0.8 -0.4) (layer F.Fab) (width 0.1))
    (fp_line (start -0.8 0.4) (end 0.8 0.4) (layer F.Fab) (width 0.1))
    (fp_line (start -0.8 -0.1) (end -0.8 0.4) (layer F.Fab) (width 0.1))
    (fp_line (start -0.5 -0.4) (end -0.8 -0.1) (layer F.Fab) (width 0.1))
    (fp_line (start 0.8 -0.4) (end -0.5 -0.4) (layer F.Fab) (width 0.1))
    (fp_text user %R (at 0 0) (layer F.Fab)
      (effects (font (size 0.4 0.4) (thickness 0.06)))
    )
    (pad 2 smd roundrect (at 0.7875 0) (size 0.875 0.95) (layers F.Cu F.Paste F.Mask) (roundrect_rratio 0.25)
      (net 22 "Net-(D7-Pad2)"))
    (pad 1 smd roundrect (at -0.7875 0) (size 0.875 0.95) (layers F.Cu F.Paste F.Mask) (roundrect_rratio 0.25)
      (net 2 GND))
    (model ${KISYS3DMOD}/LED_SMD.3dshapes/LED_0603_1608Metric.wrl
      (at (xyz 0 0 0))
      (scale (xyz 1 1 1))
      (rotate (xyz 0 0 0))
    )
  )

  (module LED_SMD:LED_0603_1608Metric (layer F.Cu) (tedit 5F68FEF1) (tstamp 60365497)
    (at 37.95268 56.16448 90)
    (descr "LED SMD 0603 (1608 Metric), square (rectangular) end terminal, IPC_7351 nominal, (Body size source: http://www.tortai-tech.com/upload/download/2011102023233369053.pdf), generated with kicad-footprint-generator")
    (tags LED)
    (path /603BB323)
    (attr smd)
    (fp_text reference D1 (at 0 -1.43 90) (layer F.SilkS)
      (effects (font (size 1 1) (thickness 0.15)))
    )
    (fp_text value LED (at 0 1.43 90) (layer F.Fab)
      (effects (font (size 1 1) (thickness 0.15)))
    )
    (fp_line (start 1.48 0.73) (end -1.48 0.73) (layer F.CrtYd) (width 0.05))
    (fp_line (start 1.48 -0.73) (end 1.48 0.73) (layer F.CrtYd) (width 0.05))
    (fp_line (start -1.48 -0.73) (end 1.48 -0.73) (layer F.CrtYd) (width 0.05))
    (fp_line (start -1.48 0.73) (end -1.48 -0.73) (layer F.CrtYd) (width 0.05))
    (fp_line (start -1.485 0.735) (end 0.8 0.735) (layer F.SilkS) (width 0.12))
    (fp_line (start -1.485 -0.735) (end -1.485 0.735) (layer F.SilkS) (width 0.12))
    (fp_line (start 0.8 -0.735) (end -1.485 -0.735) (layer F.SilkS) (width 0.12))
    (fp_line (start 0.8 0.4) (end 0.8 -0.4) (layer F.Fab) (width 0.1))
    (fp_line (start -0.8 0.4) (end 0.8 0.4) (layer F.Fab) (width 0.1))
    (fp_line (start -0.8 -0.1) (end -0.8 0.4) (layer F.Fab) (width 0.1))
    (fp_line (start -0.5 -0.4) (end -0.8 -0.1) (layer F.Fab) (width 0.1))
    (fp_line (start 0.8 -0.4) (end -0.5 -0.4) (layer F.Fab) (width 0.1))
    (fp_text user %R (at 0 0 90) (layer F.Fab)
      (effects (font (size 0.4 0.4) (thickness 0.06)))
    )
    (pad 2 smd roundrect (at 0.7875 0 90) (size 0.875 0.95) (layers F.Cu F.Paste F.Mask) (roundrect_rratio 0.25)
      (net 12 "Net-(D1-Pad2)"))
    (pad 1 smd roundrect (at -0.7875 0 90) (size 0.875 0.95) (layers F.Cu F.Paste F.Mask) (roundrect_rratio 0.25)
      (net 13 "Net-(D1-Pad1)"))
    (model ${KISYS3DMOD}/LED_SMD.3dshapes/LED_0603_1608Metric.wrl
      (at (xyz 0 0 0))
      (scale (xyz 1 1 1))
      (rotate (xyz 0 0 0))
    )
  )

  (module My-library:MySwithc (layer B.Cu) (tedit 61B349AD) (tstamp 603656A4)
    (at 30.40634 59.05246)
    (path /604E38DC)
    (fp_text reference SW1 (at 0.1 -4.4) (layer B.SilkS)
      (effects (font (size 1 1) (thickness 0.15)) (justify mirror))
    )
    (fp_text value power (at 0.1 3.9) (layer B.Fab)
      (effects (font (size 1 1) (thickness 0.15)) (justify mirror))
    )
    (fp_line (start -4.5 -4.5) (end -4.5 4.5) (layer B.SilkS) (width 0.15))
    (fp_line (start -1 4.5) (end -1 -4.5) (layer B.SilkS) (width 0.15))
    (fp_line (start -4.5 4.5) (end -1 4.5) (layer B.SilkS) (width 0.15))
    (fp_line (start -1 -4.5) (end -4.5 -4.5) (layer B.SilkS) (width 0.15))
    (pad 1 smd rect (at 1.5 2.5) (size 3 1) (layers B.Cu B.Paste B.Mask)
      (net 8 "Net-(C13-Pad1)"))
    (pad 2 smd rect (at 1.5 0) (size 3 1) (layers B.Cu B.Paste B.Mask)
      (net 8 "Net-(C13-Pad1)"))
    (pad 3 smd rect (at 1.5 -2.5) (size 3 1) (layers B.Cu B.Paste B.Mask)
      (net 1 +BATT))
    (model /home/ed/work/FreeCAD/ForKiCAD/microSW.wrl
      (offset (xyz -1 0 0))
      (scale (xyz 0.4 0.4 0.4))
      (rotate (xyz 0 0 -90))
    )
  )

  (module My-library:SMD-CONN (layer F.Cu) (tedit 5F4E134D) (tstamp 6152CEC9)
    (at 40.132 65.69964)
    (path /61533860)
    (fp_text reference J15 (at 0 2.54) (layer F.SilkS)
      (effects (font (size 1 1) (thickness 0.15)))
    )
    (fp_text value -BAT (at 0 -2.54) (layer F.Fab)
      (effects (font (size 1 1) (thickness 0.15)))
    )
    (pad 1 smd circle (at 0 0) (size 1.524 1.524) (layers F.Cu F.Paste F.Mask)
      (net 2 GND))
  )

  (module My-library:SMD-CONN (layer F.Cu) (tedit 5F4E134D) (tstamp 6152CEC4)
    (at 32.22244 65.33896)
    (path /61532825)
    (fp_text reference J14 (at 0 2.54) (layer F.SilkS)
      (effects (font (size 1 1) (thickness 0.15)))
    )
    (fp_text value gndBT (at 0 -2.54) (layer F.Fab)
      (effects (font (size 1 1) (thickness 0.15)))
    )
    (pad 1 smd circle (at 0 0) (size 1.524 1.524) (layers F.Cu F.Paste F.Mask)
      (net 2 GND))
  )

  (module Package_SO:MSOP-8_3x3mm_P0.65mm (layer B.Cu) (tedit 5A02F25C) (tstamp 60BA6152)
    (at 48.7426 61.3664 180)
    (descr "8-Lead Plastic Micro Small Outline Package (MS) [MSOP] (see Microchip Packaging Specification 00000049BS.pdf)")
    (tags "SSOP 0.65")
    (path /60B43F1F)
    (attr smd)
    (fp_text reference D3 (at 0 2.6) (layer B.SilkS)
      (effects (font (size 1 1) (thickness 0.15)) (justify mirror))
    )
    (fp_text value LTC1662CMS8 (at 0 -2.6) (layer B.Fab)
      (effects (font (size 1 1) (thickness 0.15)) (justify mirror))
    )
    (fp_line (start -0.5 1.5) (end 1.5 1.5) (layer B.Fab) (width 0.15))
    (fp_line (start 1.5 1.5) (end 1.5 -1.5) (layer B.Fab) (width 0.15))
    (fp_line (start 1.5 -1.5) (end -1.5 -1.5) (layer B.Fab) (width 0.15))
    (fp_line (start -1.5 -1.5) (end -1.5 0.5) (layer B.Fab) (width 0.15))
    (fp_line (start -1.5 0.5) (end -0.5 1.5) (layer B.Fab) (width 0.15))
    (fp_line (start -3.2 1.85) (end -3.2 -1.85) (layer B.CrtYd) (width 0.05))
    (fp_line (start 3.2 1.85) (end 3.2 -1.85) (layer B.CrtYd) (width 0.05))
    (fp_line (start -3.2 1.85) (end 3.2 1.85) (layer B.CrtYd) (width 0.05))
    (fp_line (start -3.2 -1.85) (end 3.2 -1.85) (layer B.CrtYd) (width 0.05))
    (fp_line (start -1.675 1.675) (end -1.675 1.5) (layer B.SilkS) (width 0.15))
    (fp_line (start 1.675 1.675) (end 1.675 1.425) (layer B.SilkS) (width 0.15))
    (fp_line (start 1.675 -1.675) (end 1.675 -1.425) (layer B.SilkS) (width 0.15))
    (fp_line (start -1.675 -1.675) (end -1.675 -1.425) (layer B.SilkS) (width 0.15))
    (fp_line (start -1.675 1.675) (end 1.675 1.675) (layer B.SilkS) (width 0.15))
    (fp_line (start -1.675 -1.675) (end 1.675 -1.675) (layer B.SilkS) (width 0.15))
    (fp_line (start -1.675 1.5) (end -2.925 1.5) (layer B.SilkS) (width 0.15))
    (fp_text user %R (at 0 0) (layer B.Fab)
      (effects (font (size 0.6 0.6) (thickness 0.15)) (justify mirror))
    )
    (pad 8 smd rect (at 2.2 0.975 180) (size 1.45 0.45) (layers B.Cu B.Paste B.Mask))
    (pad 7 smd rect (at 2.2 0.325 180) (size 1.45 0.45) (layers B.Cu B.Paste B.Mask)
      (net 2 GND))
    (pad 6 smd rect (at 2.2 -0.325 180) (size 1.45 0.45) (layers B.Cu B.Paste B.Mask)
      (net 34 +3V3))
    (pad 5 smd rect (at 2.2 -0.975 180) (size 1.45 0.45) (layers B.Cu B.Paste B.Mask)
      (net 35 "Net-(D3-Pad5)"))
    (pad 4 smd rect (at -2.2 -0.975 180) (size 1.45 0.45) (layers B.Cu B.Paste B.Mask)
      (net 34 +3V3))
    (pad 3 smd rect (at -2.2 -0.325 180) (size 1.45 0.45) (layers B.Cu B.Paste B.Mask)
      (net 37 DI))
    (pad 2 smd rect (at -2.2 0.325 180) (size 1.45 0.45) (layers B.Cu B.Paste B.Mask)
      (net 38 SC))
    (pad 1 smd rect (at -2.2 0.975 180) (size 1.45 0.45) (layers B.Cu B.Paste B.Mask)
      (net 39 CS))
    (model ${KISYS3DMOD}/Package_SO.3dshapes/MSOP-8_3x3mm_P0.65mm.wrl
      (at (xyz 0 0 0))
      (scale (xyz 1 1 1))
      (rotate (xyz 0 0 0))
    )
  )

  (module Package_TO_SOT_SMD:SOT-23 (layer F.Cu) (tedit 5A02FF57) (tstamp 609834AE)
    (at 36.7538 64.1604 270)
    (descr "SOT-23, Standard")
    (tags SOT-23)
    (path /609A9FBA)
    (attr smd)
    (fp_text reference Q1 (at 0 -2.5 90) (layer F.SilkS)
      (effects (font (size 1 1) (thickness 0.15)))
    )
    (fp_text value IRLML0060RTPbF (at 0 2.5 90) (layer F.Fab)
      (effects (font (size 1 1) (thickness 0.15)))
    )
    (fp_line (start -0.7 -0.95) (end -0.7 1.5) (layer F.Fab) (width 0.1))
    (fp_line (start -0.15 -1.52) (end 0.7 -1.52) (layer F.Fab) (width 0.1))
    (fp_line (start -0.7 -0.95) (end -0.15 -1.52) (layer F.Fab) (width 0.1))
    (fp_line (start 0.7 -1.52) (end 0.7 1.52) (layer F.Fab) (width 0.1))
    (fp_line (start -0.7 1.52) (end 0.7 1.52) (layer F.Fab) (width 0.1))
    (fp_line (start 0.76 1.58) (end 0.76 0.65) (layer F.SilkS) (width 0.12))
